abbr,R_votes,D_votes
AL 1,508,754 518,197 
CA 12,517,231 17,873,303
CO 1,306,086 1,667,213
CT 683,089 981,762
DC 19,765 251,540
DE 209,606 287,830
FL 5,975,435 4,339,733
GA 2,702,118 2,434,984
HI 139,844 330,488
ID 581,168 244,885
KS 749,375 526,153
KT 1,392,354 511,998
LA 1,248,101 650,836
ME 349,294 446,949
MD 1,017,654 1,863,416
MA 304,460 2,386,143
MI 2,702,653 2,634,228
MN 1,550,499 735,619
MS 812,799 350,353
MO 1,711,050 1,125,671
MT 350,361 237,496
NE 591,238 338,154
NV 692,714 534,115
NH 373,746 430,218
NJ 1,828,853 2,115,843
NM 402,776 493,722
NY 3,039,739 4,330,117
NC 2,889,999 2,349,621
ND 249,101 109,231
PA 3,481,113 3,338,371
RI 180,123 292,791
SC 1,475,329 964,448
SD 303,630 117,818
TN 1,884,691 977,870
TX 6,234,918 4,310,913
VT 104,451 218,398
VA 2,108,450 2,274,922
WA 1,592,599 2,155,907
WV 496,681 200,813
WI 1,701,860 1,603,350
WY 184,680 60,778

AL 1,508,754 518,197
AK 159,550 156,245
AZ 1,680,841 1,551,085
AR 764,367 358,749
ID 581,168 244,885
IL 2,517,389 2,829,169
IN 1,668,618 1,103,484
IA 904,563 696,033
OH 3,104,290 2,382,078
OK 834,553 397,856
OR 912,337 1,151,394
UT 909,332 471,051