Summary of state matches across 32 total elections

STATE NV
PV: right 28: [1904, 1912, 1916, 1920, 1924, 1928, 1932, 1936, 1940, 1944, 1948, 1952, 1956, 1960, 1964, 1968, 1972, 1980, 1984, 1988, 1992, 1996, 2004, 2008, 2012, 2016, 2020, 2024]
PV: wrong 4: [1900, 1908, 1976, 2000]
EC: right 28: [1904, 1912, 1916, 1920, 1924, 1928, 1932, 1936, 1940, 1944, 1948, 1952, 1956, 1960, 1964, 1968, 1972, 1980, 1984, 1988, 1992, 1996, 2000, 2004, 2008, 2012, 2020, 2024]
EC: wrong 4: [1900, 1908, 1976, 2016]

STATE IL
PV: right 28: [1900, 1904, 1908, 1912, 1920, 1924, 1928, 1932, 1936, 1940, 1944, 1948, 1952, 1956, 1960, 1964, 1968, 1972, 1980, 1984, 1988, 1992, 1996, 2000, 2008, 2012, 2016, 2020]
PV: wrong 4: [1916, 1976, 2004, 2024]
EC: right 26: [1900, 1904, 1908, 1912, 1920, 1924, 1928, 1932, 1936, 1940, 1944, 1948, 1952, 1956, 1960, 1964, 1968, 1972, 1980, 1984, 1988, 1992, 1996, 2008, 2012, 2020]
EC: wrong 6: [1916, 1976, 2000, 2004, 2016, 2024]

STATE OH
PV: right 27: [1900, 1904, 1908, 1912, 1916, 1920, 1924, 1928, 1932, 1936, 1940, 1948, 1952, 1956, 1964, 1968, 1972, 1976, 1980, 1984, 1988, 1992, 1996, 2004, 2008, 2012, 2024]
PV: wrong 5: [1944, 1960, 2000, 2016, 2020]
EC: right 29: [1900, 1904, 1908, 1912, 1916, 1920, 1924, 1928, 1932, 1936, 1940, 1948, 1952, 1956, 1964, 1968, 1972, 1976, 1980, 1984, 1988, 1992, 1996, 2000, 2004, 2008, 2012, 2016, 2024]
EC: wrong 3: [1944, 1960, 2020]

STATE CA
PV: right 27: [1900, 1904, 1908, 1916, 1920, 1924, 1928, 1932, 1936, 1940, 1944, 1948, 1952, 1956, 1964, 1968, 1972, 1980, 1984, 1988, 1992, 1996, 2000, 2008, 2012, 2016, 2020]
PV: wrong 5: [1912, 1960, 1976, 2004, 2024]
EC: right 25: [1900, 1904, 1908, 1916, 1920, 1924, 1928, 1932, 1936, 1940, 1944, 1948, 1952, 1956, 1964, 1968, 1972, 1980, 1984, 1988, 1992, 1996, 2008, 2012, 2020]
EC: wrong 7: [1912, 1960, 1976, 2000, 2004, 2016, 2024]

STATE DE
PV: right 27: [1900, 1904, 1908, 1912, 1920, 1924, 1928, 1936, 1940, 1944, 1952, 1956, 1960, 1964, 1968, 1972, 1976, 1980, 1984, 1988, 1992, 1996, 2000, 2008, 2012, 2016, 2020]
PV: wrong 5: [1916, 1932, 1948, 2004, 2024]
EC: right 25: [1900, 1904, 1908, 1912, 1920, 1924, 1928, 1936, 1940, 1944, 1952, 1956, 1960, 1964, 1968, 1972, 1976, 1980, 1984, 1988, 1992, 1996, 2008, 2012, 2020]
EC: wrong 7: [1916, 1932, 1948, 2000, 2004, 2016, 2024]

STATE MD
PV: right 27: [1900, 1904, 1908, 1912, 1916, 1920, 1924, 1928, 1932, 1936, 1940, 1944, 1952, 1956, 1960, 1964, 1972, 1976, 1984, 1988, 1992, 1996, 2000, 2008, 2012, 2016, 2020]
PV: wrong 5: [1948, 1968, 1980, 2004, 2024]
EC: right 25: [1900, 1904, 1908, 1912, 1916, 1920, 1924, 1928, 1932, 1936, 1940, 1944, 1952, 1956, 1960, 1964, 1972, 1976, 1984, 1988, 1992, 1996, 2008, 2012, 2020]
EC: wrong 7: [1948, 1968, 1980, 2000, 2004, 2016, 2024]

STATE NJ
PV: right 27: [1900, 1904, 1908, 1912, 1920, 1924, 1928, 1932, 1936, 1940, 1944, 1952, 1956, 1960, 1964, 1968, 1972, 1980, 1984, 1988, 1992, 1996, 2000, 2008, 2012, 2016, 2020]
PV: wrong 5: [1916, 1948, 1976, 2004, 2024]
EC: right 25: [1900, 1904, 1908, 1912, 1920, 1924, 1928, 1932, 1936, 1940, 1944, 1952, 1956, 1960, 1964, 1968, 1972, 1980, 1984, 1988, 1992, 1996, 2008, 2012, 2020]
EC: wrong 7: [1916, 1948, 1976, 2000, 2004, 2016, 2024]

STATE NM
PV: right 27: [1912, 1916, 1920, 1924, 1928, 1932, 1936, 1940, 1944, 1948, 1952, 1956, 1960, 1964, 1968, 1972, 1980, 1984, 1988, 1992, 1996, 2000, 2004, 2008, 2012, 2016, 2020]
PV: wrong 2: [1976, 2024]
EC: right 25: [1912, 1916, 1920, 1924, 1928, 1932, 1936, 1940, 1944, 1948, 1952, 1956, 1960, 1964, 1968, 1972, 1980, 1984, 1988, 1992, 1996, 2004, 2008, 2012, 2020]
EC: wrong 4: [1976, 2000, 2016, 2024]

STATE MO
PV: right 25: [1904, 1908, 1912, 1916, 1920, 1924, 1928, 1932, 1936, 1940, 1944, 1948, 1952, 1960, 1964, 1968, 1972, 1976, 1980, 1984, 1988, 1992, 1996, 2004, 2024]
PV: wrong 7: [1900, 1956, 2000, 2008, 2012, 2016, 2020]
EC: right 27: [1904, 1908, 1912, 1916, 1920, 1924, 1928, 1932, 1936, 1940, 1944, 1948, 1952, 1960, 1964, 1968, 1972, 1976, 1980, 1984, 1988, 1992, 1996, 2000, 2004, 2016, 2024]
EC: wrong 5: [1900, 1956, 2008, 2012, 2020]

STATE NH
PV: right 25: [1900, 1904, 1908, 1912, 1916, 1920, 1924, 1928, 1936, 1940, 1944, 1952, 1956, 1964, 1968, 1972, 1980, 1984, 1988, 1992, 1996, 2008, 2012, 2016, 2020]
PV: wrong 7: [1932, 1948, 1960, 1976, 2000, 2004, 2024]
EC: right 25: [1900, 1904, 1908, 1912, 1916, 1920, 1924, 1928, 1936, 1940, 1944, 1952, 1956, 1964, 1968, 1972, 1980, 1984, 1988, 1992, 1996, 2000, 2008, 2012, 2020]
EC: wrong 7: [1932, 1948, 1960, 1976, 2004, 2016, 2024]

STATE PA
PV: right 25: [1900, 1904, 1908, 1920, 1924, 1928, 1936, 1940, 1944, 1952, 1956, 1960, 1964, 1972, 1976, 1980, 1984, 1988, 1992, 1996, 2000, 2008, 2012, 2020, 2024]
PV: wrong 7: [1912, 1916, 1932, 1948, 1968, 2004, 2016]
EC: right 25: [1900, 1904, 1908, 1920, 1924, 1928, 1936, 1940, 1944, 1952, 1956, 1960, 1964, 1972, 1976, 1980, 1984, 1988, 1992, 1996, 2008, 2012, 2016, 2020, 2024]
EC: wrong 7: [1912, 1916, 1932, 1948, 1968, 2000, 2004]

STATE WI
PV: right 25: [1900, 1904, 1908, 1912, 1920, 1928, 1932, 1936, 1940, 1948, 1952, 1956, 1964, 1968, 1972, 1976, 1980, 1984, 1992, 1996, 2000, 2008, 2012, 2020, 2024]
PV: wrong 7: [1916, 1924, 1944, 1960, 1988, 2004, 2016]
EC: right 25: [1900, 1904, 1908, 1912, 1920, 1928, 1932, 1936, 1940, 1948, 1952, 1956, 1964, 1968, 1972, 1976, 1980, 1984, 1992, 1996, 2008, 2012, 2016, 2020, 2024]
EC: wrong 7: [1916, 1924, 1944, 1960, 1988, 2000, 2004]

STATE CT
PV: right 25: [1900, 1904, 1908, 1912, 1920, 1924, 1928, 1936, 1940, 1944, 1952, 1956, 1960, 1964, 1972, 1980, 1984, 1988, 1992, 1996, 2000, 2008, 2012, 2016, 2020]
PV: wrong 7: [1916, 1932, 1948, 1968, 1976, 2004, 2024]
EC: right 23: [1900, 1904, 1908, 1912, 1920, 1924, 1928, 1936, 1940, 1944, 1952, 1956, 1960, 1964, 1972, 1980, 1984, 1988, 1992, 1996, 2008, 2012, 2020]
EC: wrong 9: [1916, 1932, 1948, 1968, 1976, 2000, 2004, 2016, 2024]

STATE MA
PV: right 25: [1900, 1904, 1908, 1912, 1920, 1924, 1932, 1936, 1940, 1944, 1948, 1952, 1956, 1960, 1964, 1976, 1980, 1984, 1992, 1996, 2000, 2008, 2012, 2016, 2020]
PV: wrong 7: [1916, 1928, 1968, 1972, 1988, 2004, 2024]
EC: right 23: [1900, 1904, 1908, 1912, 1920, 1924, 1932, 1936, 1940, 1944, 1948, 1952, 1956, 1960, 1964, 1976, 1980, 1984, 1992, 1996, 2008, 2012, 2020]
EC: wrong 9: [1916, 1928, 1968, 1972, 1988, 2000, 2004, 2016, 2024]

STATE NY
PV: right 25: [1900, 1904, 1908, 1912, 1920, 1924, 1928, 1932, 1936, 1940, 1944, 1952, 1956, 1960, 1964, 1972, 1976, 1984, 1992, 1996, 2000, 2008, 2012, 2016, 2020]
PV: wrong 7: [1916, 1948, 1968, 1980, 1988, 2004, 2024]
EC: right 23: [1900, 1904, 1908, 1912, 1920, 1924, 1928, 1932, 1936, 1940, 1944, 1952, 1956, 1960, 1964, 1972, 1976, 1984, 1992, 1996, 2008, 2012, 2020]
EC: wrong 9: [1916, 1948, 1968, 1980, 1988, 2000, 2004, 2016, 2024]

STATE OR
PV: right 25: [1900, 1904, 1908, 1912, 1920, 1924, 1928, 1932, 1936, 1940, 1944, 1952, 1956, 1964, 1968, 1972, 1980, 1984, 1992, 1996, 2000, 2008, 2012, 2016, 2020]
PV: wrong 7: [1916, 1948, 1960, 1976, 1988, 2004, 2024]
EC: right 23: [1900, 1904, 1908, 1912, 1920, 1924, 1928, 1932, 1936, 1940, 1944, 1952, 1956, 1964, 1968, 1972, 1980, 1984, 1992, 1996, 2008, 2012, 2020]
EC: wrong 9: [1916, 1948, 1960, 1976, 1988, 2000, 2004, 2016, 2024]

STATE RI
PV: right 25: [1900, 1904, 1908, 1912, 1920, 1924, 1932, 1936, 1940, 1944, 1948, 1952, 1956, 1960, 1964, 1972, 1976, 1984, 1992, 1996, 2000, 2008, 2012, 2016, 2020]
PV: wrong 7: [1916, 1928, 1968, 1980, 1988, 2004, 2024]
EC: right 23: [1900, 1904, 1908, 1912, 1920, 1924, 1932, 1936, 1940, 1944, 1948, 1952, 1956, 1960, 1964, 1972, 1976, 1984, 1992, 1996, 2008, 2012, 2020]
EC: wrong 9: [1916, 1928, 1968, 1980, 1988, 2000, 2004, 2016, 2024]

STATE WA
PV: right 25: [1900, 1904, 1908, 1916, 1920, 1924, 1928, 1932, 1936, 1940, 1944, 1948, 1952, 1956, 1964, 1972, 1980, 1984, 1992, 1996, 2000, 2008, 2012, 2016, 2020]
PV: wrong 7: [1912, 1960, 1968, 1976, 1988, 2004, 2024]
EC: right 23: [1900, 1904, 1908, 1916, 1920, 1924, 1928, 1932, 1936, 1940, 1944, 1948, 1952, 1956, 1964, 1972, 1980, 1984, 1992, 1996, 2008, 2012, 2020]
EC: wrong 9: [1912, 1960, 1968, 1976, 1988, 2000, 2004, 2016, 2024]

STATE IA
PV: right 24: [1900, 1904, 1908, 1912, 1920, 1924, 1928, 1932, 1936, 1948, 1952, 1956, 1964, 1968, 1972, 1980, 1984, 1992, 1996, 2000, 2004, 2008, 2012, 2024]
PV: wrong 8: [1916, 1940, 1944, 1960, 1976, 1988, 2016, 2020]
EC: right 24: [1900, 1904, 1908, 1912, 1920, 1924, 1928, 1932, 1936, 1948, 1952, 1956, 1964, 1968, 1972, 1980, 1984, 1992, 1996, 2004, 2008, 2012, 2016, 2024]
EC: wrong 8: [1916, 1940, 1944, 1960, 1976, 1988, 2000, 2020]

STATE MI
PV: right 24: [1900, 1904, 1908, 1920, 1924, 1928, 1932, 1936, 1944, 1952, 1956, 1960, 1964, 1972, 1980, 1984, 1988, 1992, 1996, 2000, 2008, 2012, 2020, 2024]
PV: wrong 8: [1912, 1916, 1940, 1948, 1968, 1976, 2004, 2016]
EC: right 24: [1900, 1904, 1908, 1920, 1924, 1928, 1932, 1936, 1944, 1952, 1956, 1960, 1964, 1972, 1980, 1984, 1988, 1992, 1996, 2008, 2012, 2016, 2020, 2024]
EC: wrong 8: [1912, 1916, 1940, 1948, 1968, 1976, 2000, 2004]

STATE MT
PV: right 23: [1904, 1908, 1912, 1916, 1920, 1924, 1928, 1932, 1936, 1940, 1944, 1948, 1952, 1956, 1964, 1968, 1972, 1980, 1984, 1988, 1992, 2004, 2024]
PV: wrong 9: [1900, 1960, 1976, 1996, 2000, 2008, 2012, 2016, 2020]
EC: right 25: [1904, 1908, 1912, 1916, 1920, 1924, 1928, 1932, 1936, 1940, 1944, 1948, 1952, 1956, 1964, 1968, 1972, 1980, 1984, 1988, 1992, 2000, 2004, 2016, 2024]
EC: wrong 7: [1900, 1960, 1976, 1996, 2008, 2012, 2020]

STATE CO
PV: right 23: [1904, 1912, 1916, 1920, 1924, 1928, 1932, 1936, 1948, 1952, 1956, 1964, 1968, 1972, 1980, 1984, 1988, 1992, 2004, 2008, 2012, 2016, 2020]
PV: wrong 9: [1900, 1908, 1940, 1944, 1960, 1976, 1996, 2000, 2024]
EC: right 23: [1904, 1912, 1916, 1920, 1924, 1928, 1932, 1936, 1948, 1952, 1956, 1964, 1968, 1972, 1980, 1984, 1988, 1992, 2000, 2004, 2008, 2012, 2020]
EC: wrong 9: [1900, 1908, 1940, 1944, 1960, 1976, 1996, 2016, 2024]

STATE FL
PV: right 22: [1912, 1916, 1928, 1932, 1936, 1940, 1944, 1948, 1952, 1956, 1964, 1968, 1972, 1976, 1980, 1984, 1988, 1996, 2004, 2008, 2012, 2024]
PV: wrong 10: [1900, 1904, 1908, 1920, 1924, 1960, 1992, 2000, 2016, 2020]
EC: right 24: [1912, 1916, 1928, 1932, 1936, 1940, 1944, 1948, 1952, 1956, 1964, 1968, 1972, 1976, 1980, 1984, 1988, 1996, 2000, 2004, 2008, 2012, 2016, 2024]
EC: wrong 8: [1900, 1904, 1908, 1920, 1924, 1960, 1992, 2020]

STATE ID
PV: right 22: [1904, 1908, 1912, 1916, 1920, 1924, 1928, 1932, 1936, 1940, 1944, 1948, 1952, 1956, 1964, 1968, 1972, 1980, 1984, 1988, 2004, 2024]
PV: wrong 10: [1900, 1960, 1976, 1992, 1996, 2000, 2008, 2012, 2016, 2020]
EC: right 24: [1904, 1908, 1912, 1916, 1920, 1924, 1928, 1932, 1936, 1940, 1944, 1948, 1952, 1956, 1964, 1968, 1972, 1980, 1984, 1988, 2000, 2004, 2016, 2024]
EC: wrong 8: [1900, 1960, 1976, 1992, 1996, 2008, 2012, 2020]

STATE TN
PV: right 22: [1912, 1916, 1920, 1928, 1932, 1936, 1940, 1944, 1948, 1952, 1956, 1964, 1968, 1972, 1976, 1980, 1984, 1988, 1992, 1996, 2004, 2024]
PV: wrong 10: [1900, 1904, 1908, 1924, 1960, 2000, 2008, 2012, 2016, 2020]
EC: right 24: [1912, 1916, 1920, 1928, 1932, 1936, 1940, 1944, 1948, 1952, 1956, 1964, 1968, 1972, 1976, 1980, 1984, 1988, 1992, 1996, 2000, 2004, 2016, 2024]
EC: wrong 8: [1900, 1904, 1908, 1924, 1960, 2008, 2012, 2020]

STATE UT
PV: right 22: [1900, 1904, 1908, 1916, 1920, 1924, 1928, 1932, 1936, 1940, 1944, 1948, 1952, 1956, 1964, 1968, 1972, 1980, 1984, 1988, 2004, 2024]
PV: wrong 10: [1912, 1960, 1976, 1992, 1996, 2000, 2008, 2012, 2016, 2020]
EC: right 24: [1900, 1904, 1908, 1916, 1920, 1924, 1928, 1932, 1936, 1940, 1944, 1948, 1952, 1956, 1964, 1968, 1972, 1980, 1984, 1988, 2000, 2004, 2016, 2024]
EC: wrong 8: [1912, 1960, 1976, 1992, 1996, 2008, 2012, 2020]

STATE WV
PV: right 22: [1900, 1904, 1908, 1912, 1920, 1924, 1928, 1932, 1936, 1940, 1944, 1948, 1956, 1960, 1964, 1972, 1976, 1984, 1992, 1996, 2004, 2024]
PV: wrong 10: [1916, 1952, 1968, 1980, 1988, 2000, 2008, 2012, 2016, 2020]
EC: right 24: [1900, 1904, 1908, 1912, 1920, 1924, 1928, 1932, 1936, 1940, 1944, 1948, 1956, 1960, 1964, 1972, 1976, 1984, 1992, 1996, 2000, 2004, 2016, 2024]
EC: wrong 8: [1916, 1952, 1968, 1980, 1988, 2008, 2012, 2020]

STATE WY
PV: right 22: [1900, 1904, 1908, 1912, 1916, 1920, 1924, 1928, 1932, 1936, 1940, 1948, 1952, 1956, 1964, 1968, 1972, 1980, 1984, 1988, 2004, 2024]
PV: wrong 10: [1944, 1960, 1976, 1992, 1996, 2000, 2008, 2012, 2016, 2020]
EC: right 24: [1900, 1904, 1908, 1912, 1916, 1920, 1924, 1928, 1932, 1936, 1940, 1948, 1952, 1956, 1964, 1968, 1972, 1980, 1984, 1988, 2000, 2004, 2016, 2024]
EC: wrong 8: [1944, 1960, 1976, 1992, 1996, 2008, 2012, 2020]

STATE AZ
PV: right 21: [1912, 1916, 1920, 1924, 1928, 1932, 1936, 1940, 1944, 1948, 1952, 1956, 1968, 1972, 1980, 1984, 1988, 1996, 2004, 2020, 2024]
PV: wrong 8: [1960, 1964, 1976, 1992, 2000, 2008, 2012, 2016]
EC: right 23: [1912, 1916, 1920, 1924, 1928, 1932, 1936, 1940, 1944, 1948, 1952, 1956, 1968, 1972, 1980, 1984, 1988, 1996, 2000, 2004, 2016, 2020, 2024]
EC: wrong 6: [1960, 1964, 1976, 1992, 2008, 2012]

STATE KY
PV: right 21: [1912, 1916, 1924, 1928, 1932, 1936, 1940, 1944, 1948, 1956, 1964, 1968, 1972, 1976, 1980, 1984, 1988, 1992, 1996, 2004, 2024]
PV: wrong 11: [1900, 1904, 1908, 1920, 1952, 1960, 2000, 2008, 2012, 2016, 2020]
EC: right 23: [1912, 1916, 1924, 1928, 1932, 1936, 1940, 1944, 1948, 1956, 1964, 1968, 1972, 1976, 1980, 1984, 1988, 1992, 1996, 2000, 2004, 2016, 2024]
EC: wrong 9: [1900, 1904, 1908, 1920, 1952, 1960, 2008, 2012, 2020]

STATE VA
PV: right 21: [1912, 1916, 1928, 1932, 1936, 1940, 1944, 1948, 1952, 1956, 1964, 1968, 1972, 1980, 1984, 1988, 2004, 2008, 2012, 2016, 2020]
PV: wrong 11: [1900, 1904, 1908, 1920, 1924, 1960, 1976, 1992, 1996, 2000, 2024]
EC: right 21: [1912, 1916, 1928, 1932, 1936, 1940, 1944, 1948, 1952, 1956, 1964, 1968, 1972, 1980, 1984, 1988, 2000, 2004, 2008, 2012, 2020]
EC: wrong 11: [1900, 1904, 1908, 1920, 1924, 1960, 1976, 1992, 1996, 2016, 2024]

STATE ME
PV: right 21: [1900, 1904, 1908, 1912, 1920, 1924, 1928, 1952, 1956, 1964, 1972, 1980, 1984, 1988, 1992, 1996, 2000, 2008, 2012, 2016, 2020]
PV: wrong 11: [1916, 1932, 1936, 1940, 1944, 1948, 1960, 1968, 1976, 2004, 2024]
EC: right 19: [1900, 1904, 1908, 1912, 1920, 1924, 1928, 1952, 1956, 1964, 1972, 1980, 1984, 1988, 1992, 1996, 2008, 2012, 2020]
EC: wrong 13: [1916, 1932, 1936, 1940, 1944, 1948, 1960, 1968, 1976, 2000, 2004, 2016, 2024]

STATE MN
PV: right 21: [1900, 1904, 1908, 1920, 1924, 1928, 1932, 1936, 1940, 1952, 1956, 1960, 1972, 1976, 1992, 1996, 2000, 2008, 2012, 2016, 2020]
PV: wrong 11: [1912, 1916, 1944, 1948, 1964, 1968, 1980, 1984, 1988, 2004, 2024]
EC: right 19: [1900, 1904, 1908, 1920, 1924, 1928, 1932, 1936, 1940, 1952, 1956, 1960, 1972, 1976, 1992, 1996, 2008, 2012, 2020]
EC: wrong 13: [1912, 1916, 1944, 1948, 1964, 1968, 1980, 1984, 1988, 2000, 2004, 2016, 2024]

STATE VT
PV: right 21: [1900, 1904, 1908, 1920, 1924, 1928, 1952, 1956, 1964, 1968, 1972, 1980, 1984, 1988, 1992, 1996, 2000, 2008, 2012, 2016, 2020]
PV: wrong 11: [1912, 1916, 1932, 1936, 1940, 1944, 1948, 1960, 1976, 2004, 2024]
EC: right 19: [1900, 1904, 1908, 1920, 1924, 1928, 1952, 1956, 1964, 1968, 1972, 1980, 1984, 1988, 1992, 1996, 2008, 2012, 2020]
EC: wrong 13: [1912, 1916, 1932, 1936, 1940, 1944, 1948, 1960, 1976, 2000, 2004, 2016, 2024]

STATE IN
PV: right 20: [1900, 1904, 1908, 1912, 1920, 1924, 1928, 1932, 1936, 1952, 1956, 1964, 1968, 1972, 1980, 1984, 1988, 2004, 2008, 2024]
PV: wrong 12: [1916, 1940, 1944, 1948, 1960, 1976, 1992, 1996, 2000, 2012, 2016, 2020]
EC: right 22: [1900, 1904, 1908, 1912, 1920, 1924, 1928, 1932, 1936, 1952, 1956, 1964, 1968, 1972, 1980, 1984, 1988, 2000, 2004, 2008, 2016, 2024]
EC: wrong 10: [1916, 1940, 1944, 1948, 1960, 1976, 1992, 1996, 2012, 2020]

STATE KS
PV: right 20: [1900, 1904, 1908, 1912, 1916, 1920, 1924, 1928, 1932, 1936, 1952, 1956, 1964, 1968, 1972, 1980, 1984, 1988, 2004, 2024]
PV: wrong 12: [1940, 1944, 1948, 1960, 1976, 1992, 1996, 2000, 2008, 2012, 2016, 2020]
EC: right 22: [1900, 1904, 1908, 1912, 1916, 1920, 1924, 1928, 1932, 1936, 1952, 1956, 1964, 1968, 1972, 1980, 1984, 1988, 2000, 2004, 2016, 2024]
EC: wrong 10: [1940, 1944, 1948, 1960, 1976, 1992, 1996, 2008, 2012, 2020]

STATE NC
PV: right 19: [1912, 1916, 1928, 1932, 1936, 1940, 1944, 1948, 1960, 1964, 1968, 1972, 1976, 1980, 1984, 1988, 2004, 2008, 2024]
PV: wrong 13: [1900, 1904, 1908, 1920, 1924, 1952, 1956, 1992, 1996, 2000, 2012, 2016, 2020]
EC: right 21: [1912, 1916, 1928, 1932, 1936, 1940, 1944, 1948, 1960, 1964, 1968, 1972, 1976, 1980, 1984, 1988, 2000, 2004, 2008, 2016, 2024]
EC: wrong 11: [1900, 1904, 1908, 1920, 1924, 1952, 1956, 1992, 1996, 2012, 2020]

STATE ND
PV: right 19: [1900, 1904, 1908, 1912, 1916, 1920, 1924, 1928, 1932, 1936, 1952, 1956, 1968, 1972, 1980, 1984, 1988, 2004, 2024]
PV: wrong 13: [1940, 1944, 1948, 1960, 1964, 1976, 1992, 1996, 2000, 2008, 2012, 2016, 2020]
EC: right 21: [1900, 1904, 1908, 1912, 1916, 1920, 1924, 1928, 1932, 1936, 1952, 1956, 1968, 1972, 1980, 1984, 1988, 2000, 2004, 2016, 2024]
EC: wrong 11: [1940, 1944, 1948, 1960, 1964, 1976, 1992, 1996, 2008, 2012, 2020]

STATE NE
PV: right 19: [1900, 1904, 1912, 1916, 1920, 1924, 1928, 1932, 1936, 1952, 1956, 1964, 1968, 1972, 1980, 1984, 1988, 2004, 2024]
PV: wrong 13: [1908, 1940, 1944, 1948, 1960, 1976, 1992, 1996, 2000, 2008, 2012, 2016, 2020]
EC: right 21: [1900, 1904, 1912, 1916, 1920, 1924, 1928, 1932, 1936, 1952, 1956, 1964, 1968, 1972, 1980, 1984, 1988, 2000, 2004, 2016, 2024]
EC: wrong 11: [1908, 1940, 1944, 1948, 1960, 1976, 1992, 1996, 2008, 2012, 2020]

STATE OK
PV: right 19: [1912, 1916, 1920, 1928, 1932, 1936, 1940, 1944, 1948, 1952, 1956, 1964, 1968, 1972, 1980, 1984, 1988, 2004, 2024]
PV: wrong 11: [1908, 1924, 1960, 1976, 1992, 1996, 2000, 2008, 2012, 2016, 2020]
EC: right 21: [1912, 1916, 1920, 1928, 1932, 1936, 1940, 1944, 1948, 1952, 1956, 1964, 1968, 1972, 1980, 1984, 1988, 2000, 2004, 2016, 2024]
EC: wrong 9: [1908, 1924, 1960, 1976, 1992, 1996, 2008, 2012, 2020]

STATE TX
PV: right 19: [1912, 1916, 1928, 1932, 1936, 1940, 1944, 1948, 1952, 1956, 1960, 1964, 1972, 1976, 1980, 1984, 1988, 2004, 2024]
PV: wrong 13: [1900, 1904, 1908, 1920, 1924, 1968, 1992, 1996, 2000, 2008, 2012, 2016, 2020]
EC: right 21: [1912, 1916, 1928, 1932, 1936, 1940, 1944, 1948, 1952, 1956, 1960, 1964, 1972, 1976, 1980, 1984, 1988, 2000, 2004, 2016, 2024]
EC: wrong 11: [1900, 1904, 1908, 1920, 1924, 1968, 1992, 1996, 2008, 2012, 2020]

STATE AR
PV: right 18: [1912, 1916, 1932, 1936, 1940, 1944, 1948, 1960, 1964, 1972, 1976, 1980, 1984, 1988, 1992, 1996, 2004, 2024]
PV: wrong 14: [1900, 1904, 1908, 1920, 1924, 1928, 1952, 1956, 1968, 2000, 2008, 2012, 2016, 2020]
EC: right 20: [1912, 1916, 1932, 1936, 1940, 1944, 1948, 1960, 1964, 1972, 1976, 1980, 1984, 1988, 1992, 1996, 2000, 2004, 2016, 2024]
EC: wrong 12: [1900, 1904, 1908, 1920, 1924, 1928, 1952, 1956, 1968, 2008, 2012, 2020]

STATE SD
PV: right 18: [1900, 1904, 1908, 1920, 1924, 1928, 1932, 1936, 1952, 1956, 1964, 1968, 1972, 1980, 1984, 1988, 2004, 2024]
PV: wrong 14: [1912, 1916, 1940, 1944, 1948, 1960, 1976, 1992, 1996, 2000, 2008, 2012, 2016, 2020]
EC: right 20: [1900, 1904, 1908, 1920, 1924, 1928, 1932, 1936, 1952, 1956, 1964, 1968, 1972, 1980, 1984, 1988, 2000, 2004, 2016, 2024]
EC: wrong 12: [1912, 1916, 1940, 1944, 1948, 1960, 1976, 1992, 1996, 2008, 2012, 2020]

STATE LA
PV: right 17: [1912, 1916, 1932, 1936, 1940, 1944, 1956, 1960, 1972, 1976, 1980, 1984, 1988, 1992, 1996, 2004, 2024]
PV: wrong 15: [1900, 1904, 1908, 1920, 1924, 1928, 1948, 1952, 1964, 1968, 2000, 2008, 2012, 2016, 2020]
EC: right 19: [1912, 1916, 1932, 1936, 1940, 1944, 1956, 1960, 1972, 1976, 1980, 1984, 1988, 1992, 1996, 2000, 2004, 2016, 2024]
EC: wrong 13: [1900, 1904, 1908, 1920, 1924, 1928, 1948, 1952, 1964, 1968, 2008, 2012, 2020]

STATE GA
PV: right 16: [1912, 1916, 1932, 1936, 1940, 1944, 1948, 1960, 1972, 1976, 1984, 1988, 1992, 2004, 2020, 2024]
PV: wrong 16: [1900, 1904, 1908, 1920, 1924, 1928, 1952, 1956, 1964, 1968, 1980, 1996, 2000, 2008, 2012, 2016]
EC: right 18: [1912, 1916, 1932, 1936, 1940, 1944, 1948, 1960, 1972, 1976, 1984, 1988, 1992, 2000, 2004, 2016, 2020, 2024]
EC: wrong 14: [1900, 1904, 1908, 1920, 1924, 1928, 1952, 1956, 1964, 1968, 1980, 1996, 2008, 2012]

STATE SC
PV: right 15: [1912, 1916, 1932, 1936, 1940, 1944, 1960, 1968, 1972, 1976, 1980, 1984, 1988, 2004, 2024]
PV: wrong 17: [1900, 1904, 1908, 1920, 1924, 1928, 1948, 1952, 1956, 1964, 1992, 1996, 2000, 2008, 2012, 2016, 2020]
EC: right 17: [1912, 1916, 1932, 1936, 1940, 1944, 1960, 1968, 1972, 1976, 1980, 1984, 1988, 2000, 2004, 2016, 2024]
EC: wrong 15: [1900, 1904, 1908, 1920, 1924, 1928, 1948, 1952, 1956, 1964, 1992, 1996, 2008, 2012, 2020]

STATE AL
PV: right 14: [1912, 1916, 1932, 1936, 1940, 1944, 1948, 1972, 1976, 1980, 1984, 1988, 2004, 2024]
PV: wrong 18: [1900, 1904, 1908, 1920, 1924, 1928, 1952, 1956, 1960, 1964, 1968, 1992, 1996, 2000, 2008, 2012, 2016, 2020]
EC: right 16: [1912, 1916, 1932, 1936, 1940, 1944, 1948, 1972, 1976, 1980, 1984, 1988, 2000, 2004, 2016, 2024]
EC: wrong 16: [1900, 1904, 1908, 1920, 1924, 1928, 1952, 1956, 1960, 1964, 1968, 1992, 1996, 2008, 2012, 2020]

STATE MS
PV: right 13: [1912, 1916, 1932, 1936, 1940, 1944, 1972, 1976, 1980, 1984, 1988, 2004, 2024]
PV: wrong 19: [1900, 1904, 1908, 1920, 1924, 1928, 1948, 1952, 1956, 1960, 1964, 1968, 1992, 1996, 2000, 2008, 2012, 2016, 2020]
EC: right 15: [1912, 1916, 1932, 1936, 1940, 1944, 1972, 1976, 1980, 1984, 1988, 2000, 2004, 2016, 2024]
EC: wrong 17: [1900, 1904, 1908, 1920, 1924, 1928, 1948, 1952, 1956, 1960, 1964, 1968, 1992, 1996, 2008, 2012, 2020]

STATE HI
PV: right 12: [1960, 1964, 1972, 1976, 1984, 1992, 1996, 2000, 2008, 2012, 2016, 2020]
PV: wrong 5: [1968, 1980, 1988, 2004, 2024]
EC: right 10: [1960, 1964, 1972, 1976, 1984, 1992, 1996, 2008, 2012, 2020]
EC: wrong 7: [1968, 1980, 1988, 2000, 2004, 2016, 2024]

STATE DC
PV: right 9: [1964, 1976, 1992, 1996, 2000, 2008, 2012, 2016, 2020]
PV: wrong 7: [1968, 1972, 1980, 1984, 1988, 2004, 2024]
EC: right 7: [1964, 1976, 1992, 1996, 2008, 2012, 2020]
EC: wrong 9: [1968, 1972, 1980, 1984, 1988, 2000, 2004, 2016, 2024]

STATE AK
PV: right 8: [1964, 1968, 1972, 1980, 1984, 1988, 2004, 2024]
PV: wrong 9: [1960, 1976, 1992, 1996, 2000, 2008, 2012, 2016, 2020]
EC: right 10: [1964, 1968, 1972, 1980, 1984, 1988, 2000, 2004, 2016, 2024]
EC: wrong 7: [1960, 1976, 1992, 1996, 2008, 2012, 2020]

STATE NE-02
PV: right 2: [2008, 2020]
PV: wrong 1: [2024]
EC: right 2: [2008, 2020]
EC: wrong 1: [2024]

STATE ME-02
PV: right 1: [2024]
PV: wrong 2: [2016, 2020]
EC: right 2: [2016, 2024]
EC: wrong 1: [2020]

